chair: [-3.75871357336656, 0.9210738057622441, -0.47325373261901904, 0.8809261629456614]
shelf: [-0.4569194276984729, 0.9258860072067878, -0.28529622971414786, -0.9584393884387745]
