a: [0.6772641814297884, -1.6712965909621986, 0.4390249496021786, 0.8984748708933403]
b: [0.7386262524106763, -1.6977843318672137, 0.4495666747360918, 0.8932467771935889]
