a: [2.4018435835301917, -0.8502429089793117, -0.19640576126626214, 0.9805227059795301]
b: [2.0952930599912474, -1.682999702507975, -0.20095290342822117, 0.9796009037377252]
c: [-1.0225264225115787, 0.4778993701303121, -0.2080420507083278, 0.9781198828042877]
