cupboard: [3.141594054367603, -2.135024627572406, -0.6971795097479656, 0.7168965972771711]
operator: [2.864928424186407, 0.7240432584976327, -0.7044826641837003, -0.7097211958682337]
table: [0.0969280739518289, -0.055089738998851945, 0.013845916470248514, 0.9999041407040471]
