cupboard: [-0.10480270653783622, -6.058844151708364, -0.944725629490963, 0.32786199075663514]
entrance: [3.535599188488924, 0.4069658941724603, 0.9905447654043278, -0.13718989660352274]
operator: [2.483767874583986, -3.8773564475530313, 0.9925534158062315, -0.12181016694587589]
table: [0.632689445878812, -1.0650876968315919, -0.7509335258344838, 0.6603778007911765]
