chair: [-1.243503707909958, 0.6955434625784072, 0.7558039789415686, 0.6547979424342237]
cupboard: [0.31317315097932, -2.722653925183144, 0.9849865707002972, -0.172630980823456]
exit: [6.953743362582807, 0.7586992140579142, 0.9705302377101361, 0.24097937191864927]
operator: [3.5142095239147717, -2.0464650408601113, -0.998334235114583, -0.05769536374944338]
table: [0.8596856769615486, -0.673948717157627, -0.7403749348159678, 0.6721941355711544]
