cupboard: [-2.094766997773733, -2.23904424241508, -0.9906204268649387, -0.1366424892847266]
operator: [1.094343365716771, -3.111785914578924, -0.9861281883466578, -0.16598552993601118]
table: [0.3383573634954172, -0.38183232192772576, -0.7581497908119168, 0.6520804357530188]
