chair: [-1.0605581186686206, 0.4688212248657986, 0.7197784234763531, 0.6942038757439315]
cupboard: [-1.2615346328774004, -3.7012422143794095, 0.9999955619927035, -0.002979260797148775]
entrance: [4.956770695654455, 0.36602660876717175, 0.9999491415286117, 0.010085353548213216]
init_base: [-0.030118130970329615, -0.009944213652559819, 0.004205328737448832, 0.9999911575660106]
operator: [2.3999976537603303, -3.8229200207124654, -0.009086301906833572, 0.9999587187067563]
shelf: [-1.4987827671438274, -0.5200526527015377, 0.9997387044983199, -0.02285875604710269]
table: [1.0367436824412082, -0.6267484102937089, -0.7064710275668697, 0.7077419637188478]
desk: [1.0230008558661279, -3.0631840060524804, 0.6974032733914486, 0.7166789199236243]
