chair: [-0.27934649102633996, 1.5898366445201468, 0.7104202245140727, 0.7037777380688981]
cupboard: [-1.3365178199517576, -2.3771133987819963, -0.9907801492606829, -0.1354795033611314]
entrance: [5.658189304252005, 0.8307781500010546, -0.9832290544366961, -0.18237496130642672]
operator: [1.7469115356667033, -3.275321791723168, -0.991592817342501, -0.12939739021619184]
table: [1.3250007567263884, -0.7191319689410476, -0.7376107579234622, 0.6752261619602543]
