a: [2.2201459657704032, -1.9292479720122528, -0.34243095222314945, 0.9395429968657885]
b: [1.7059960831378702, -2.5307277047750465, -0.4843166227709469, 0.8748927985231929]
c: [-0.09687966414568933, -0.03041918564123469, 0.3723880065763878, -0.9280771371809909]
