human_0: [-0.5623125402533375, 3.739672070013141, -0.6465801560153412, -0.7584516578376541]
human_1: [1.2916176612230386, 3.3119901611394895, -0.03002161263358233, -0.9961995373439941]
human_2: [1.7675771710496324, 2.551466434899786, -0.03002161263358233, -0.9961995373439941]
