human_0: [0.9750667074999672, 2.355556794974338, 0.01783866743372342, 0.9964921461675942]
human_1: [0.9516298031233, 3.7247154408026133, 0.01783866743372342, 0.9964921461675942]
