human_0: [1.478818053897244, 1.8207723515362548, 0.012673954735180376, 0.9965712148666946]
human_1: [2.0829298749313208, 4.1991979987797805, 0.012673954735180376, 0.9965712148666946]
