human_0: [1.1087341866417484, 0.44079542838933017, 0.027504166342608924, 0.9995963568176438]
human_1: [1.3636282919449838, -0.5466823099601883, 0.02750428949672356, 0.9996008326633311]
human_2: [1.6354908202136946, -0.030952567692856703, 0.027504204032568803, 0.9995977266009014]
