human_0: [1.000940771763864, 2.835527024864301, -0.5849230032317337, -0.8110888239215044]
human_1: [-0.481555189521931, 4.572440608838972, -0.5849230032317337, -0.8110888239215044]
human_2: [-0.40864984919533365, 4.6483023884774495, -0.5849230032317337, -0.8110888239215044]
human_3: [-0.22418007527760886, 13.230023606236452, -0.5849230032317337, -0.8110888239215044]
